10
19
0579128701392729812
7464447880281898030
8043576581674627842
19
2340674234004083613
3302060334101360380
5642734570105445963
20
99999999999999999999
99999999999999999999
00000000000000000000
19
0794137688039090162
0558951753777577344
1153088439817068106
20
02480383654418763770
31254001112921195922
33732385769076964092
20
08383975956131739098
09519547728732272944
12903563378864004042
20
00510758297474779561
09396794696817485231
09907552946291964897
20
08502985509827797232
09636814500063769744
18139798009891493982
20
57559869688656675978
87878867698596675586
45438737387253351565
18
680390908548235092
223850915310866656
964341894870251748
